[ 6.025029+19.396070i, -4.999132+15.263087i, 0.000000+0.000000i, 0.000000+0.000000i, -1.025897+4.234984i, 0.000000+0.000000i, 0.000000+0.000000i, 0.000000+0.000000i, 0.000000+0.000000i, 0.000000+0.000000i, 0.000000+0.000000i, 0.000000+0.000000i, 0.000000+0.000000i, 0.000000+0.000000i,;  -4.999132+15.263087i, 9.521324+-30.189515i, -1.135019+4.781863i, -1.686033+5.115838i, -1.701140+5.193927i, 0.000000+0.000000i, 0.000000+0.000000i, 0.000000+0.000000i, 0.000000+0.000000i, 0.000000+0.000000i, 0.000000+0.000000i, 0.000000+0.000000i, 0.000000+0.000000i, 0.000000+0.000000i,;  0.000000+0.000000i, -1.135019+4.781863i, 3.120995+-9.794080i, -1.985976+5.068817i, 0.000000+0.000000i, 0.000000+0.000000i, 0.000000+0.000000i, 0.000000+0.000000i, 0.000000+0.000000i, 0.000000+0.000000i, 0.000000+0.000000i, 0.000000+0.000000i, 0.000000+0.000000i, 0.000000+0.000000i,;  0.000000+0.000000i, -1.686033+5.115838i, -1.985976+5.068817i, 10.515599+-38.296331i, -6.840981+21.578554i, 0.000000+0.000000i, -0.002287+4.781942i, 0.000000+0.000000i, -0.000323+1.797979i, 0.000000+0.000000i, 0.000000+0.000000i, 0.000000+0.000000i, 0.000000+0.000000i, 0.000000+0.000000i,;  -1.025897+4.234984i, -1.701140+5.193927i, 0.000000+0.000000i, -6.840981+21.578554i, 9.569592+-34.891603i, -0.001574+3.967938i, 0.000000+0.000000i, 0.000000+0.000000i, 0.000000+0.000000i, 0.000000+0.000000i, 0.000000+0.000000i, 0.000000+0.000000i, 0.000000+0.000000i, 0.000000+0.000000i,;  0.000000+0.000000i, 0.000000+0.000000i, 0.000000+0.000000i, 0.000000+0.000000i, -0.001574+3.967938i, 6.581498+-17.340732i, 0.000000+0.000000i, 0.000000+0.000000i, 0.000000+0.000000i, 0.000000+0.000000i, -1.955029+4.094074i, -1.525967+3.175964i, -3.098927+6.102755i, 0.000000+0.000000i,;  0.000000+0.000000i, 0.000000+0.000000i, 0.000000+0.000000i, -0.002287+4.781942i, 0.000000+0.000000i, 0.000000+0.000000i, 0.013772+-19.548996i, -0.003223+5.676978i, -0.008263+9.090075i, 0.000000+0.000000i, 0.000000+0.000000i, 0.000000+0.000000i, 0.000000+0.000000i, 0.000000+0.000000i,;  0.000000+0.000000i, 0.000000+0.000000i, 0.000000+0.000000i, 0.000000+0.000000i, 0.000000+0.000000i, 0.000000+0.000000i, -0.003223+5.676978i, 0.003223+-5.676978i, 0.000000+0.000000i, 0.000000+0.000000i, 0.000000+0.000000i, 0.000000+0.000000i, 0.000000+0.000000i, 0.000000+0.000000i,;  0.000000+0.000000i, 0.000000+0.000000i, 0.000000+0.000000i, -0.000323+1.797979i, 0.000000+0.000000i, 0.000000+0.000000i, -0.008263+9.090075i, 0.000000+0.000000i, 5.334641+-24.282499i, -3.902050+10.365394i, 0.000000+0.000000i, 0.000000+0.000000i, 0.000000+0.000000i, -1.424005+3.029050i,;  0.000000+0.000000i, 0.000000+0.000000i, 0.000000+0.000000i, 0.000000+0.000000i, 0.000000+0.000000i, 0.000000+0.000000i, 0.000000+0.000000i, 0.000000+0.000000i, -3.902050+10.365394i, 5.782934+-14.768338i, -1.880885+4.402944i, 0.000000+0.000000i, 0.000000+0.000000i, 0.000000+0.000000i,;  0.000000+0.000000i, 0.000000+0.000000i, 0.000000+0.000000i, 0.000000+0.000000i, 0.000000+0.000000i, -1.955029+4.094074i, 0.000000+0.000000i, 0.000000+0.000000i, 0.000000+0.000000i, -1.880885+4.402944i, 3.835913+-8.497018i, 0.000000+0.000000i, 0.000000+0.000000i, 0.000000+0.000000i,;  0.000000+0.000000i, 0.000000+0.000000i, 0.000000+0.000000i, 0.000000+0.000000i, 0.000000+0.000000i, -1.525967+3.175964i, 0.000000+0.000000i, 0.000000+0.000000i, 0.000000+0.000000i, 0.000000+0.000000i, 0.000000+0.000000i, 4.014992+-5.427939i, -2.489025+2.251975i, 0.000000+0.000000i,;  0.000000+0.000000i, 0.000000+0.000000i, 0.000000+0.000000i, 0.000000+0.000000i, 0.000000+0.000000i, -3.098927+6.102755i, 0.000000+0.000000i, 0.000000+0.000000i, 0.000000+0.000000i, 0.000000+0.000000i, 0.000000+0.000000i, -2.489025+2.251975i, 6.724946+-10.669694i, -1.136994+2.314963i,;  0.000000+0.000000i, 0.000000+0.000000i, 0.000000+0.000000i, 0.000000+0.000000i, 0.000000+0.000000i, 0.000000+0.000000i, 0.000000+0.000000i, 0.000000+0.000000i, -1.424005+3.029050i, 0.000000+0.000000i, 0.000000+0.000000i, 0.000000+0.000000i, -1.136994+2.314963i, 2.561000+-5.344014i,; ]